44241
46066
36021
47864
23238

46523
27946

14992
24321
20669
28834
29953

14034

45700

42722
24302
20363

17025

33752
13197
48600
14352
36916

26771
28528

12504
28766
34161
15158
18238

20756
46200
37899
28742
34679

42923
20582
30701
37470

41607
21192
22188
16200

28818
29286
17450
29004
29629
30590

19298

27455
33147

20214

21752

11417
32916
31441

28554
23550
29377
42845
23184
47382

31274
28629
45211

13814
24908
38555
42452
21533
32692

32422
21493
33701

19034
30548
11863
48286
30187
24308

42501
44165
39450
43722
19114

13905
12408
21689
49757
31688

21479
39112
13639

46632
30468
43053
12166
12689

25929
17922
11772

20201
49699
31341
40303

23617
44362
13785
33808
26299

39988
26417
18270
13873
45738
26865

29047
28875

37308

17728

39507
32519

47277
23603

33402
40240
45129
21155
24468

44981

11631

23121
25915

35409
24247
14954
22655
12569
30782

18358
29470
35193

44623

43347
34991
10655

26909
26949
33404

30125
33547

37501
46690
20001

30379
24477
31289
12366

26760
40746

11580
28630

23457
39714
42361
32493
26842
46264

18172
21213
17711
49502
33307
33378

39504
44713

29851
29567

33694
42503
15618
27510

10671
19093
10708

22085
25134
33505
45774

36631
34126

37542
45726
42920
39758
40134
43372

41125
27408

37992
18433
10416

25717
38284
35130

27256

13379
13713

41325
16267
25052
32027

12022

13979
13679
32156
40727
41624

25557
49047
24918
24997

43734
12008
18489

49956
41338
19897
39613
21896
29877

28298
26031
22469
23101
25755

45715
38762
32658

23602
41651
38273

17203
33816
18641
15122
30084

10643

49417
37591
35438

10725

44616
11868
46006

14674
44112
40729

48111
20704
23500
47567
22952

40212
41810
46771
11178
13737
48561

39324
23341
24355
10279

11627
24965

45493
45051
34083

33192
12154
46677
27229

28984
33484
20846

38847
16270
40267
48359
41214
16553

28102
43781
23638

42369
32733
38437
11259

36009
24157

34916
10087

16842
16072
27629
34685
43899

17717
32479

30655
29944
37919
10341
12962

24203
20349

47154
42157
16391
14819
49426

13752
19547
32503
28359

37296
34816

28130
45448
33465
19706

37447

20066

12402
39876

36535
28573

30964
33135

15825
46022
17231
38096
40354

18451
19006
49061
18904
16619
37117

43984

37903
15647
11166
35447
43781

41857
11291

36492
24252

35742
13972
25335
43921
33023
24632

21452
21518
18272
19141
15028

38079
41725
32291

36419
45583
34674
35390
33704

26102
31496
33954
28865
29517
49068

36960
40288
12734
18107

26184

41068
18126
18775
14785
13429

25759
16674
45284

39689
25774

28325
40300
12358
13098

18350
11012
12696
48111
14422

47698
26274
45705
34616

44903
20732
23212
32870

36730
15240
29404
23564
28193
44239

45424
16138
21534
26720
10325

41622
41293
10647
46839
42646

37651
34375
34272

26095
38672
38969
10458

16502
29167
20106
25936
35975
44493

30521
38447
48906

33634

37599
18745

30809
30851
38417
35549
15896
15191

39479
12566

33366
23171
47769
24705
11089
32958

24665
43882
33202
46325

21616
33707
26203

41876
42211

23892
19813
47493
49896
42522

22485
20473
20738
37826
28828
42101

17745
24241
12956
27284

45498
13465
48336
20965

18642
24663
28870
26944
42456

29276
28340

12553
21677
33668

49639

26410
23690
22061
25356
26096
29865

18083
13614

30875
37278
12124
34525

41230

25102
12575

23861
16847
37898
45138
46709

10894
42064
33026

26947
23504
17655
14423
10068
30615

25907
31012
37380
43496
39766

10516

46574

14994
35569
24729
46643
39953

15545
33496

44711
35996

32442
37037
40385
27323
26458

29426
44981

21475
13766

15616
46146

19348

34466
20259

27541
39678

43156
37816
17557

33045
44151
25363
21799

49527
33008
20615
43731
18566
36073

32529
30574
49878

46394
27017
39806
35915

44468
29583
24369
49536

34578
20199
43953
19168
16216
31550

45374
32204
43412
14904
11953

36592
31337
14514
13216

20723
31413

44825
39985

48291
37924
27519

14606
14310
35605

32283
15564

22748
32282
36109
34034
10214
44142

38588
13372
49822
45444
13742

37344
31370
37454

17296
46965
26867
40933

31066
36175
21809
38635

36245
35305
46135
23266
20251

32742
41475
12828

32213
29298
12073

39462
16556
35179
42760

34436
32306
49527
43577

15686
37278
31939
48204

44534
11645
40293
47133
18966

36727
31394
20041
31062

36830
31827
35552

30861
11924

19573
44059
24881
46104
41039

13755
44532